2   42.5611   1.9292
3   29.96   2.74061
4   22.5072   3.64811
5   18.166   4.51992
6   15.2728   5.37614
7   14.4095   5.69825
8   11.6721   7.03464
9   11.2493   7.29904
10   9.8142   8.36632
11   9.20905   8.9161
12   8.54986   9.60352
13   7.59425   10.812
14   7.22879   11.3586
15   6.54602   12.5433
16   6.37398   12.8819
17   6.09039   13.4817
18   5.89798   13.9215
19   5.56721   14.7486
20   5.33825   15.3812
21   4.87136   16.8554
22   4.7434   17.3101
23   4.65253   17.6482
24   4.57247   17.9572
25   4.35625   18.8485
26   4.37487   18.7683
27   4.21729   19.4695
28   4.21115   19.4979
29   4.25503   19.2969
30   4.18102   19.6385
31   4.24941   19.3224
32   4.1345   19.8594
33   4.0433   20.3073
34   4.00974   20.4773
35   4.16718   19.7037
36   4.0255   20.3972
37   4.18636   19.6134
38   4.62112   17.7682
39   4.45001   18.4514
40   4.86116   16.8908
41   4.92592   16.6687
42   5.04663   16.27
43   4.87594   16.8396
44   4.97208   16.514
45   4.76819   17.2201
46   4.62914   17.7374
47   4.49273   18.2759
48   4.65984   17.6205
49   4.44895   18.4558
50   4.31222   19.0409
51   4.1555   19.759
52   4.29653   19.1105
53   4.53599   18.1016
54   4.69285   17.4966
55   4.37967   18.7477
56   4.33825   18.9267
57   4.23944   19.3678
58   4.15102   19.7804
59   4.24115   19.36
60   3.93789   20.851
61   3.919   20.9514
62   4.01433   20.4539
63   4.08156   20.117
64   3.47801   23.608
65   2.94725   27.8594
66   2.96431   27.6991
67   2.9375   27.9519
68   3.19509   25.6984
69   3.50497   23.4264
70   3.3328   24.6366
71   3.33295   24.6355
72   3.45318   23.7777
73   3.52631   23.2846
74   3.4032   24.1269
75   3.32957   24.6605
76   3.58245   22.9197
77   3.56911   23.0054
78   3.53965   23.1969
79   3.67824   22.3229
80   3.92966   20.8946
