2   43.1062   1.9048
3   29.5157   2.78187
4   22.3678   3.67085
5   18.0088   4.55937
6   15.0858   5.44279
7   13.0069   6.3127
8   11.4853   7.14901
9   10.216   8.03729
10   9.5484   8.59922
11   8.45117   9.71567
12   8.13129   10.0979
13   7.49111   10.9608
14   7.18417   11.4291
15   6.47694   12.6771
16   6.40277   12.8239
17   6.9393   11.8324
18   6.36812   12.8937
19   6.13898   13.375
20   6.48265   12.6659
21   6.11561   13.4261
22   5.85858   14.0151
23   5.96035   13.7758
24   6.06316   13.5422
25   5.85728   14.0182
26   6.01377   13.6535
27   5.76212   14.2498
28   5.8828   13.9574
29   5.76048   14.2538
30   4.88024   16.8248
31   4.11748   19.9415
32   5.75648   14.2637
33   5.29012   15.5212
34   5.72731   14.3363
35   3.68399   22.288
36   5.80023   14.1561
37   5.64832   14.5368
38   5.74635   14.2888
39   5.36974   15.291
40   5.72843   14.3335
41   5.6575   14.5133
42   5.70153   14.4012
43   5.67131   14.4779
44   5.79217   14.1758
45   5.8163   14.117
46   5.8423   14.0542
47   5.30995   15.4632
48   5.79593   14.1666
49   5.76426   14.2444
50   5.74439   14.2937
51   5.71097   14.3774
52   5.68294   14.4483
53   4.52594   18.1418
54   5.6291   14.5865
55   5.7197   14.3554
56   5.68713   14.4377
57   5.71024   14.3792
58   5.68041   14.4547
59   5.71329   14.3716
60   5.69113   14.4275
61   5.71372   14.3705
62   5.58746   14.6952
63   5.70915   14.382
64   5.67151   14.4774
65   2.77945   29.5414
66   5.64624   14.5422
67   5.43928   15.0955
68   5.73958   14.3057
69   5.97349   13.7455
70   5.88074   13.9623
71   5.95612   13.7856
72   6.01638   13.6475
73   5.99559   13.6949
74   5.8779   13.9691
75   6.07147   13.5237
76   6.1052   13.449
77   6.12266   13.4106
78   6.20561   13.2314
79   4.16258   19.7254
80   6.61593   12.4108
